112
116
117
118
119
121
122
124
127
128
129
13
130
131
132
133
134
136
137
138
14
141
142
145
148
149
15
152
156
157
158
159
16
160
161
162
163
164
165
166
168
169
17
170
171
172
173
175
176
177
179
18
180
181
185
186
187
188
189
19
190
191
192
196
197
198
199
2
20
200
201
202
203
204
205
206
207
208
209
21
210
211
212
213
214
215
216
217
218
219
22
220
221
222
223
224
225
226
227
228
229
23
230
231
232
233
234
235
236
237
238
239
24
240
241
242
243
244
245
246
247
248
249
25
250
251
252
253
254
256
258
26
261
262
263
264
265
266
267
268
269
27
270
271
272
273
274
275
276
278
279
28
280
281
282
283
284
286
287
29
290
291
294
295
296
297
298
3
30
300
301
302
303
304
305
306
307
308
309
31
310
311
312
313
314
315
316
319
32
320
323
324
325
326
327
328
329
33
331
339
34
340
341
342
343
344
345
346
347
348
349
35
350
351
352
353
354
355
356
357
358
359
36
360
361
362
363
364
365
366
367
368
369
37
370
371
372
373
374
375
376
377
378
379
38
380
381
382
384
385
386
388
389
39
390
391
392
393
394
395
396
397
398
399
4
40
400
401
402
403
404
405
406
407
408
409
41
410
411
412
413
42
420
421
422
423
424
425
426
427
429
43
430
431
432
433
434
435
436
437
438
439
44
440
441
442
443
444
445
446
447
448
449
45
450
451
452
453
454
455
456
457
459
5
6
72
73
74
75
76
77
78
79
80
81
82
83
84
85
86
87
88
89
9
90
91
92
94
95
96
97
98
99
