30 101 30 101
30 108 30 101
30 105 30 106
30 104 30 101
30 101 30 101
30 101 30 101
30 103 30 108
30 101 30 101
30 108 30 101
30 105 30 106
30 101 30 101
30 101 30 101
30 101 30 101
30 103 30 108
30 101 30 101
30 108 30 101
30 105 30 106
30 104 30 101
30 101 30 101
30 101 30 101
30 100 30 84
30 101 30 101
30 108 30 101
30 103 30 106
30 104 30 101
30 101 30 101
30 101 30 101
30 103 30 108
30 101 30 101
30 108 30 101
30 105 30 106
30 104 30 101
30 101 30 101
30 101 30 101
30 103 30 108
30 101 30 101
30 86 30 101
30 105 30 106
30 104 30 101
30 101 30 101
30 101 30 101
30 103 30 108
30 101 30 101
30 108 30 101
30 96 30 84
30 104 30 101
30 101 30 101
30 101 30 101
30 103 30 108
